71134
87852
17216
26899
87522
46643
27690
83741
95308
54258
63657
98798
40413
14566
84072
69412
12692
49199
9992
38875
78350
12036
13623
59923
23576
3873
24135
22220
19885
10020
37275
76632
87823
6873
20697
57256
12855
77908
23002
16069
69421
26679
46921
81601
14010
77817
34222
74115
36431
53884
63728
11535
14114
56648
34182
56812
67082
74873
23322
22695
63436
77182
33741
88918
60555
87986
78760
3310
13430
44951
70988
35054
69179
99439
1065
54821
55043
33784
72622
25077
39419
13480
20826
47879
68335
35265
26513
129
65051
54352
83815
83236
58020
39000
40099
97802
80596
50928
10716
23576
44582
96346
20807
73688
75445
36563
64814
43069
61135
87491
79604
33706
43084
64419
26813
86435
66364
19768
24403
71282
96595
11458
97982
2072
23628
42653
99439
31779
78958
17048
74385
42859
61807
88378
376
2224
80809
28229
52717
14652
34542
95563
48723
12947
17149
33537
12346
86405
57686
49178
56067
57311
13341
97636
51041
9114
30651
98562
7649
70001
43343
73709
92448
61006
84649
77321
89486
62650
12293
53076
3720
56468
71881
27698
48601
56997
75785
96061
34427
79565
38067
94778
61271
93377
58096
62517
58247
14203
35681
27460
40722
20687
78418
50955
78399
43146
286
70242
67795
42941
92752
42734
99076
43849
89311
33175
1980
92200
41450
55908
64292
68055
83993
57113
62082
42986
12740
1260
64301
56137
39191
4184
71703
46873
55480
30315
32964
73071
20091
38150
96972
81746
82624
92073
99423
40645
46269
72236
22115
53226
81748
15415
27695
12384
84350
31600
19651
15611
89684
74626
9104
26638
36782
48915
27182
52497
85347
80895
67276
20974
28861
51489
52839
82178
19079
39471
957
98818
98494
51633
79323
88960
92875
11390
30780
96067
70041
3847
53536
93912
88736
59910
69152
47124
13549
35422
48898
2087
40252
50581
35489
16054
22990
87401
35024
76492
47301
52975
39098
94767
51309
8628
22435
27364
94664
84557
13342
97169
35083
98072
63321
44628
44751
93453
40902
26387
63983
24015
20443
48002
78421
30911
1829
26050
60518
22383
14690
20564
78423
56323
70534
9644
59148
61117
9041
65313
97482
46046
56501
29864
78624
41939
83295
14712
58282
81969
82750
78462
81646
63880
50307
73664
78672
48710
77177
79959
88134
26619
51822
23346
32965
50512
40233
4193
42251
97057
95895
80758
79411
78942
59210
29132
96109
38900
31599
81872
75161
6379
88073
17165
24720
23453
61016
22366
59746
29111
72270
74803
70948
53585
97177
74642
57767
94043
38220
13460
36420
14241
2046
65343
2199
45109
85180
83179
63081
93838
36469
28294
62960
236
6038
11370
23369
296
18694
30881
96377
17730
9063
83011
30350
32570
40477
59887
32116
45450
99712
64352
77144
81160
86896
67344
11017
76065
70217
97487
30326
80989
54616
63790
76095
87978
56768
95164
60070
3259
27447
78109
38809
23943
24195
10414
60288
34619
60100
42813
60847
16314
30812
48088
43093
90616
74020
15132
19635
57314
15217
59168
59290
65223
42228
58454
9860
79018
15702
67565
28239
61210
97325
59922
97976
91544
32414
31147
15223
71916
44348
61091
11119
15987
38583
38145
82235
18523
12087
90088
69151
99680
78914
6865
82862
11136
49313
13621
91270
80119
15420
54313
52981
4991
2033
45534
6406
17951
14898
69495
93718
52251
72730
72031
87170
18164
3003
8363
52294
64874
52142
89620
45186
97581
66703
46904
95193
69994
39227
66379
44566
68301
25037
86426
47143
60083
73369
223
35227
57275
56989
34483
70641
59588
52255
46104
27510
9606
96057
63312
1030
77778
21086
10067
95281
62688
59738
9535
26326
78123
79610
73278
96242
26718
38760
52637
72295
49924
11736
5296
89667
60029
67622
30493
40753
94921
91600
1961
53018
27388
36079
19830
62693
31407
45061
65515
60849
10901
5918
99379
99916
54775
28012
76161
68097
61450
5354
87612
16812
95639
29559
41647
88337
23769
23681
61663
18034
41804
55033
69398
12627
34385
81999
99669
20798
41591
91016
97070
97356
86078
57188
9175
36002
97127
27870
93208
93737
54048
4730
6947
46751
61096
36114
98423
80474
50847
37167
21711
78782
78014
72420
11693
73331
58498
50773
94182
84503
41317
72997
53274
64711
48332
69140
64026
74151
38138
59218
42826
11739
712
91694
83241
80888
14939
81745
31752
90184
73349
79550
17740
11438
59791
44079
16986
17373
30086
37071
83392
41940
27285
15828
66351
19647
25692
92826
28282
25091
16488
9987
34901
57342
27932
89150
26765
24232
99525
1364
59865
71051
28299
41412
37738
15064
71446
78812
53796
82190
89731
46547
14194
18542
53609
96352
30885
3203
84642
38369
91275
9205
53656
50431
50060
19972
57083
34316
20102
17245
7556
63325
37892
12373
3788
10305
7159
63521
4481
94323
64262
70832
42035
8779
90623
19746
3983
61581
55519
6552
32257
71505
26545
50836
89771
49935
25937
32924
81115
91822
30925
71760
32495
83370
64988
41213
7913
23673
98270
47952
80059
70951
70022
41954
85894
12293
78598
40160
61023
5756
52540
45955
13382
25052
61900
26872
53292
48600
99270
41586
61146
83684
98095
43480
67392
35355
81622
20217
26619
95613
84876
13055
85819
63096
60576
5832
79150
7101
72534
90837
12474
84127
9415
99165
25968
82788
64437
8326
71156
94050
4714
43705
54580
21757
98335
20628
26895
72134
95000
50711
54278
33298
55176
59497
4432
38070
75862
70608
20642
70836
59770
33576
29356
1361
24702
20271
10605
1693
30388
97241
94610
12806
37890
10647
91664
63193
70405
5521
68365
68263
71718
96766
33001
25569
92057
37381
59568
56204
32461
83503
72595
95797
8839
96302
6968
8810
95185
62226
16850
64686
35702
19058
45231
98951
98515
46823
20581
19788
59546
91111
73154
18035
3866
30381
57191
83909
46059
32186
21189
51568
66041
84089
22274
34087
65012
47114
17539
97729
85059
23691
46445
50192
10089
84948
85641
49283
28169
58140
38404
31485
19299
34355
13409
28584
80742
9223
58829
42460
83597
97437
99607
85623
67625
91530
31353
73416
24319
14400
81510
16575
20397
11714
42988
63619
86348
56887
67778
36967
39588
93471
31938
89068
35220
52088
13929
94906
18062
43675
29305
8054
81474
10462
60042
68749
98213
52361
35964
19597
79726
93040
7333
17028
53817
2555
72575
28247
46843
16147
56348
88691
24104
61860
89204
37891
25059
18920
37945
10072
49
57418
39504
63333
13470
78365
11453
32333
17888
21376
2643
69325
278
85955
28868
56047
3599
52085
2483
22148
16134
73681
55962
69124
93989
24607
97218
24014
58114
94952
40383
24234
85277
63659
52055
78358
58741
93007
63656
48562
98263
56327
36885
63190
87437
48263
84126
12411
74407
29377
4976
18023
31704
27256
14824
91445
62462
18607
69288
6634
50588
7298
34350
32735
21633
75195
3168
21798
1629
56805
80023
30492
68411
32332
31359
60739
34421
46641
61981
10521
20012
98113
68567
97836
17633
97136
48605
69141
49747
46767
80800
74273
87893
83799
81380
61948
22824
26456
47762
7808
92366
43400
46344
3101
24862
52647
31271
44659
98182
592
38552
79343
63763
55321
35800
47565
20739
1124
45871
27162
54589
86598
97902
45775
7734
4246
66823
86349
79721
24392
95200
58910
21119
82012
12383
64310
70006
98895
89275
6649
80701
88106
72322
62919
58718
3894
19863
33837
67006
59773
30934
52939
17300
87785
58688
19387
22444
74239
91283
76897
82574
45717
45330
66502
95190
75889
62294
94042
59608
82071
79295
77263
72143
75510
53097
65562
38157
5126
61870
43344
37961
21439
83205
1224
53845
92279
88593
85546
6845
82642
54811
8994
87265
99866
134
76740
67062
12295
37614
22487
57079
6984
27770
97572
38256
98392
48021
98631
95889
21941
96762
66103
89720
22058
71214
12948
4520
28813
20175
59136
68519
35768
39222
12474
9715
13085
50213
67505
4788
65776
830
78070
71021
45495
45
6890
96723
65622
60104
62030
17261
3646
37556
62335
79150
89517
40712
38641
23026
7122
52455
95765
50028
30537
51663
90535
84752
29994
79949
59277
3147
8396
94632
81770
39027
96294
71369
74878
65775
60393
91867
75227
90466
21114
98617
72919
14207
92853
80299
94784
93108
84912
74974
27816
60424
75381
78982
83999
26937
88699
99062
47573
28575
83869
34201
85365
451
53348
93599
86735
71015
89392
37560
10775
34468
81491
51604
98259
37483
76788
38797
43631
49036
52674
31913
37888
98429
82713
86438
7973
14863
54294
21436
71171
4229
456
19959
81012
45292
54907
46050
40921
54926
34092
94914
65220
36618
72187
34187
49455
90543
58577
63596
6643
94254
33614
99594
52163
52511
95245
24471
94309
65015
32983
61641
87941
31292
76466
99369
56957
17959
84723
49848
13754
73575
82632
76898
72923
72938
28006
25586
70922
62981
30091
31163
85644
20534
56749
89333
79613
54124
6533
31158
44494
32761
42076
9108
31579
86464
597
7439
39199
9983
56111
71730
89068
74415
90768
31166
21785
40716
97336
32414
33922
59927
12886
45204
35539
23564
34769
52606
90559
74238
69138
94118
88619
54275
28573
92173
90998
6228
88874
5943
87754
12337
23759
35175
48395
43043
65799
32972
77137
57584
30105
44189
97902
14950
88095
92649
72603
42165
88435
89686
87246
88590
7784
86885
96285
94873
2777
91610
26915
44549
33572
56795
59866
47614
82565
15916
51203
96332
50126
73056
54355
26551
63586
13144
93396
68756
72307
20775
9672
67117
81757
63225
60217
1964
62669
35805
68981
78666
91484
50841
91334
47479
71466
25801
16540
58729
66127
44636
16346
55319
68596
26485
23053
36544
64817
31691
17735
23695
37116
31409
44287
14718
56622
44219
43476
74297
58941
77245
11056
16070
3276
58637
21172
63202
96583
43453
31024
61836
40513
172
45288
63853
60658
48045
52555
2097
9713
6053
19736
99943
53473
62284
42750
38591
24177
3748
18164
45693
94811
82068
70963
13933
96082
38262
20365
30269
53244
8649
84379
53913
51307
61737
35260
61831
183
86315
19108
74924
64678
22407
98795
40116
49308
38934
9318
41055
20252
31006
86015
13078
39789
58759
53236
80195
94903
75756
21760
23693
12538
17849
68614
17373
68346
43639
26062
18368
30497
16514
17839
99416
24173
12358
22425
57102
13449
86251
12140
69009
85948
71143
54684
76674
57873
63520
57395
52267
93751
81180
53047
1037
58568
64029
50057
22070
73868
95362
18557
61925
68430
78349
1937
69154
38571
49082
69120
46933
76809
53234
78696
66198
92678
23301
8237
9135
82813
24360
60619
19656
5157
54372
45517
80659
26430
85137
78231
96263
9046
37433
49136
58181
14686
77465
60962
28604
87310
58057
71505
586
45978
88654
52312
27625
90465
84281
23163
22041
85240
49111
11227
56320
65042
29932
63839
33404
95532
93379
70662
90307
19494
54919
63103
65438
16041
83071
6178
23878
28989
53919
91028
84524
89564
86575
1832
16731
19518
81713
77351
16723
76517
28047
19651
20047
26272
43313
89374
12800
97270
3046
63649
36283
54619
92104
59852
18623
52701
63463
54889
26223
45226
63274
20960
86204
76323
82494
82473
37217
41499
92737
33026
12549
85065
58041
74108
1767
94591
32039
45686
21982
50115
58323
69448
83410
30346
8870
96985
14175
50000
88639
18919
41360
390
20980
28932
7442
18666
91272
15765
35906
19810
19673
70948
48670
45567
75683
35166
17527
69705
10013
73904
91265
80103
3169
97690
15230
28994
33662
60845
70180
74582
55337
6124
76762
36183
50461
68228
35847
21138
56992
16579
31864
86385
27461
24169
85906
38125
41757
61616
90905
26203
24930
57978
5996
74805
18667
53534
7722
3309
86910
63920
99869
45444
67505
15774
69469
86583
35782
24316
77242
74225
28068
5117
13497
29698
96487
66450
50601
71168
39974
87282
73684
27879
99493
98584
16000
87842
52389
30417
96749
96808
53962
65157
72121
94005
18137
24080
18883
99711
77015
54653
69676
17734
21267
81560
47269
79495
15404
47849
53023
41126
96716
30512
28737
98489
63494
2975
49715
46082
92956
17466
74122
14320
24030
12729
5926
47349
64207
46153
43047
69879
87761
99766
89913
8206
26439
97245
85213
67071
6572
40999
52419
55595
18638
17766
40684
69787
3594
49849
62692
97205
69309
18356
47232
57265
35570
98011
32
74829
87253
31550
84522
26715
38645
14778
89896
45405
86011
60434
80748
25429
44354
49044
41635
79022
38256
33828
30402
1375
35107
98620
8835
57840
52144
58261
28566
49212
91444
50538
72749
56577
26592
42153
51944
47622
83635
49796
24879
7445
62595
24438
53908
63763
28930
95430
81482
40719
79738
49180
34078
79429
11312
57081
18463
48909
39822
7846
1627
24730
74190
36744
79860
45465
86739
83709
29982
81537
42712
43505
82543
81171
80850
97556
95767
94333
69187
1780
17389
7260
61759
88604
98348
28676
69526
30300
40262
15310
8891
64905
42984
5398
94655
31432
23520
94924
62274
34917
93917