32
45
49
129
134
172
183
223
236
278
286
296
376
390
451
456
586
592
597
712
830
957
1030
1037
1065
1124
1224
1260
1361
1364
1375
1627
1629
1693
1767
1780
1829
1832
1937
1961
1964
1980
2033
2046
2072
2087
2097
2199
2224
2483
2555
2643
2777
2975
3003
3046
3101
3147
3168
3169
3203
3259
3276
3309
3310
3594
3599
3646
3720
3748
3788
3847
3866
3873
3894
3983
4184
4193
4229
4246
4432
4481
4520
4714
4730
4788
4976
4991
5117
5126
5157
5296
5354
5398
5521
5756
5832
5918
5926
5943
5996
6038
6053
6124
6178
6228
6379
6406
6533
6552
6572
6634
6643
6649
6845
6865
6873
6890
6947
6968
6984
7101
7122
7159
7260
7298
7333
7439
7442
7445
7556
7649
7722
7734
7784
7808
7846
7913
7973
8054
8206
8237
8326
8363
8396
8628
8649
8779
8810
8835
8839
8870
8891
8994
9041
9046
9063
9104
9108
9114
9135
9175
9205
9223
9318
9415
9535
9606
9644
9672
9713
9715
9860
9983
9987
9992
10013
10020
10067
10072
10089
10305
10414
10462
10521
10605
10647
10716
10775
10901
11017
11056
11119
11136
11227
11312
11370
11390
11438
11453
11458
11535
11693
11714
11736
11739
12036
12087
12140
12293
12293
12295
12337
12346
12358
12373
12383
12384
12411
12474
12474
12538
12549
12627
12692
12729
12740
12800
12806
12855
12886
12947
12948
13055
13078
13085
13144
13341
13342
13382
13409
13430
13449
13460
13470
13480
13497
13549
13621
13623
13754
13929
13933
14010
14114
14175
14194
14203
14207
14241
14320
14400
14566
14652
14686
14690
14712
14718
14778
14824
14863
14898
14939
14950
15064
15132
15217
15223
15230
15310
15404
15415
15420
15611
15702
15765
15774
15828
15916
15987
16000
16041
16054
16069
16070
16134
16147
16314
16346
16488
16514
16540
16575
16579
16723
16731
16812
16850
16986
17028
17048
17149
17165
17216
17245
17261
17300
17373
17373
17389
17466
17527
17539
17633
17730
17734
17735
17740
17766
17839
17849
17888
17951
17959
18023
18034
18035
18062
18137
18164
18164
18356
18368
18463
18523
18542
18557
18607
18623
18638
18666
18667
18694
18883
18919
18920
19058
19079
19108
19299
19387
19494
19518
19597
19635
19647
19651
19651
19656
19673
19736
19746
19768
19788
19810
19830
19863
19885
19959
19972
20012
20047
20091
20102
20175
20217
20252
20271
20365
20397
20443
20534
20564
20581
20628
20642
20687
20697
20739
20775
20798
20807
20826
20960
20974
20980
21086
21114
21119
21138
21172
21189
21267
21376
21436
21439
21633
21711
21757
21760
21785
21798
21941
21982
22041
22058
22070
22115
22148
22220
22274
22366
22383
22407
22425
22435
22444
22487
22695
22824
22990
23002
23026
23053
23163
23301
23322
23346
23369
23453
23520
23564
23576
23576
23628
23673
23681
23691
23693
23695
23759
23769
23878
23943
24014
24015
24030
24080
24104
24135
24169
24173
24177
24195
24232
24234
24316
24319
24360
24392
24403
24438
24471
24607
24702
24720
24730
24862
24879
24930
25037
25052
25059
25077
25091
25429
25569
25586
25692
25801
25937
25968
26050
26062
26203
26223
26272
26326
26387
26430
26439
26456
26485
26513
26545
26551
26592
26619
26619
26638
26679
26715
26718
26765
26813
26872
26895
26899
26915
26937
27162
27182
27256
27285
27364
27388
27447
27460
27461
27510
27625
27690
27695
27698
27770
27816
27870
27879
27932
28006
28012
28047
28068
28169
28229
28239
28247
28282
28294
28299
28566
28573
28575
28584
28604
28676
28737
28813
28861
28868
28930
28932
28989
28994
29111
29132
29305
29356
29377
29559
29698
29864
29932
29982
29994
30086
30091
30105
30269
30300
30315
30326
30346
30350
30381
30388
30402
30417
30492
30493
30497
30512
30537
30651
30780
30812
30881
30885
30911
30925
30934
31006
31024
31147
31158
31163
31166
31271
31292
31353
31359
31407
31409
31432
31485
31550
31579
31599
31600
31691
31704
31752
31779
31864
31913
31938
32039
32116
32186
32257
32332
32333
32414
32414
32461
32495
32570
32735
32761
32924
32964
32965
32972
32983
33001
33026
33175
33298
33404
33537
33572
33576
33614
33662
33706
33741
33784
33828
33837
33922
34078
34087
34092
34182
34187
34201
34222
34316
34350
34355
34385
34421
34427
34468
34483
34542
34619
34769
34901
34917
35024
35054
35083
35107
35166
35175
35220
35227
35260
35265
35355
35422
35489
35539
35570
35681
35702
35768
35782
35800
35805
35847
35906
35964
36002
36079
36114
36183
36283
36420
36431
36469
36544
36563
36618
36744
36782
36885
36967
37071
37116
37167
37217
37275
37381
37433
37483
37556
37560
37614
37738
37888
37890
37891
37892
37945
37961
38067
38070
38125
38138
38145
38150
38157
38220
38256
38256
38262
38369
38404
38552
38571
38583
38591
38641
38645
38760
38797
38809
38875
38900
38934
39000
39027
39098
39191
39199
39222
39227
39419
39471
39504
39588
39789
39822
39974
40099
40116
40160
40233
40252
40262
40383
40413
40477
40513
40645
40684
40712
40716
40719
40722
40753
40902
40921
40999
41055
41126
41213
41317
41360
41412
41450
41499
41586
41591
41635
41647
41757
41804
41939
41940
41954
42035
42076
42153
42165
42228
42251
42460
42653
42712
42734
42750
42813
42826
42859
42941
42984
42986
42988
43043
43047
43069
43084
43093
43146
43313
43343
43344
43400
43453
43476
43480
43505
43631
43639
43675
43705
43849
44079
44189
44219
44287
44348
44354
44494
44549
44566
44582
44628
44636
44659
44751
44951
45061
45109
45186
45204
45226
45231
45288
45292
45330
45405
45444
45450
45465
45495
45517
45534
45567
45686
45693
45717
45775
45871
45955
45978
46046
46050
46059
46082
46104
46153
46269
46344
46445
46547
46641
46643
46751
46767
46823
46843
46873
46904
46921
46933
47114
47124
47143
47232
47269
47301
47349
47479
47565
47573
47614
47622
47762
47849
47879
47952
48002
48021
48045
48088
48263
48332
48395
48562
48600
48601
48605
48670
48710
48723
48898
48909
48915
49036
49044
49082
49111
49136
49178
49180
49199
49212
49283
49308
49313
49455
49715
49747
49796
49848
49849
49924
49935
50000
50028
50057
50060
50115
50126
50192
50213
50307
50431
50461
50512
50538
50581
50588
50601
50711
50773
50836
50841
50847
50928
50955
51041
51203
51307
51309
51489
51568
51604
51633
51663
51822
51944
52055
52085
52088
52142
52144
52163
52251
52255
52267
52294
52312
52361
52389
52419
52455
52497
52511
52540
52555
52606
52637
52647
52674
52701
52717
52839
52939
52975
52981
53018
53023
53047
53076
53097
53226
53234
53236
53244
53274
53292
53348
53473
53534
53536
53585
53609
53656
53796
53817
53845
53884
53908
53913
53919
53962
54048
54124
54258
54275
54278
54294
54313
54352
54355
54372
54580
54589
54616
54619
54653
54684
54775
54811
54821
54889
54907
54919
54926
55033
55043
55176
55319
55321
55337
55480
55519
55595
55908
55962
56047
56067
56111
56137
56204
56320
56323
56327
56348
56468
56501
56577
56622
56648
56749
56768
56795
56805
56812
56887
56957
56989
56992
56997
57079
57081
57083
57102
57113
57188
57191
57256
57265
57275
57311
57314
57342
57395
57418
57584
57686
57767
57840
57873
57978
58020
58041
58057
58096
58114
58140
58181
58247
58261
58282
58323
58454
58498
58568
58577
58637
58688
58718
58729
58741
58759
58829
58910
58941
59136
59148
59168
59210
59218
59277
59290
59497
59546
59568
59588
59608
59738
59746
59770
59773
59791
59852
59865
59866
59887
59910
59922
59923
59927
60029
60042
60070
60083
60100
60104
60217
60288
60393
60424
60434
60518
60555
60576
60619
60658
60739
60845
60847
60849
60962
61006
61016
61023
61091
61096
61117
61135
61146
61210
61271
61450
61581
61616
61641
61663
61737
61759
61807
61831
61836
61860
61870
61900
61925
61948
61981
62030
62082
62226
62274
62284
62294
62335
62462
62517
62595
62650
62669
62688
62692
62693
62919
62960
62981
63081
63096
63103
63190
63193
63202
63225
63274
63312
63321
63325
63333
63436
63463
63494
63520
63521
63586
63596
63619
63649
63656
63657
63659
63728
63763
63763
63790
63839
63853
63880
63920
63983
64026
64029
64207
64262
64292
64301
64310
64352
64419
64437
64678
64686
64711
64814
64817
64874
64905
64988
65012
65015
65042
65051
65157
65220
65223
65313
65343
65438
65515
65562
65622
65775
65776
65799
66041
66103
66127
66198
66351
66364
66379
66450
66502
66703
66823
67006
67062
67071
67082
67117
67276
67344
67392
67505
67505
67565
67622
67625
67778
67795
68055
68097
68228
68263
68301
68335
68346
68365
68411
68430
68519
68567
68596
68614
68749
68756
68981
69009
69120
69124
69138
69140
69141
69151
69152
69154
69179
69187
69288
69309
69325
69398
69412
69421
69448
69469
69495
69526
69676
69705
69787
69879
69994
70001
70006
70022
70041
70180
70217
70242
70405
70534
70608
70641
70662
70832
70836
70922
70948
70948
70951
70963
70988
71015
71021
71051
71134
71143
71156
71168
71171
71214
71282
71369
71446
71466
71505
71505
71703
71718
71730
71760
71881
71916
72031
72121
72134
72143
72187
72236
72270
72295
72307
72322
72420
72534
72575
72595
72603
72622
72730
72749
72919
72923
72938
72997
73056
73071
73154
73278
73331
73349
73369
73416
73575
73664
73681
73684
73688
73709
73868
73904
74020
74108
74115
74122
74151
74190
74225
74238
74239
74273
74297
74385
74407
74415
74582
74626
74642
74803
74805
74829
74873
74878
74924
74974
75161
75195
75227
75381
75445
75510
75683
75756
75785
75862
75889
76065
76095
76161
76323
76466
76492
76517
76632
76674
76740
76762
76788
76809
76897
76898
77015
77137
77144
77177
77182
77242
77245
77263
77321
77351
77465
77778
77817
77908
78014
78070
78109
78123
78231
78349
78350
78358
78365
78399
78418
78421
78423
78462
78598
78624
78666
78672
78696
78760
78782
78812
78914
78942
78958
78982
79018
79022
79150
79150
79295
79323
79343
79411
79429
79495
79550
79565
79604
79610
79613
79721
79726
79738
79860
79949
79959
80023
80059
80103
80119
80195
80299
80474
80596
80659
80701
80742
80748
80758
80800
80809
80850
80888
80895
80989
81012
81115
81160
81171
81180
81380
81474
81482
81491
81510
81537
81560
81601
81622
81646
81713
81745
81746
81748
81757
81770
81872
81969
81999
82012
82068
82071
82178
82190
82235
82473
82494
82543
82565
82574
82624
82632
82642
82713
82750
82788
82813
82862
83011
83071
83179
83205
83236
83241
83295
83370
83392
83410
83503
83597
83635
83684
83709
83741
83799
83815
83869
83909
83993
83999
84072
84089
84126
84127
84281
84350
84379
84503
84522
84524
84557
84642
84649
84723
84752
84876
84912
84948
85059
85065
85137
85180
85213
85240
85277
85347
85365
85546
85623
85641
85644
85819
85894
85906
85948
85955
86011
86015
86078
86204
86251
86315
86348
86349
86385
86405
86426
86435
86438
86464
86575
86583
86598
86735
86739
86885
86896
86910
87170
87246
87253
87265
87282
87310
87401
87437
87491
87522
87612
87754
87761
87785
87823
87842
87852
87893
87941
87978
87986
88073
88095
88106
88134
88337
88378
88435
88590
88593
88604
88619
88639
88654
88691
88699
88736
88874
88918
88960
89068
89068
89150
89204
89275
89311
89333
89374
89392
89486
89517
89564
89620
89667
89684
89686
89720
89731
89771
89896
89913
90088
90184
90307
90465
90466
90535
90543
90559
90616
90623
90768
90837
90905
90998
91016
91028
91111
91265
91270
91272
91275
91283
91334
91444
91445
91484
91530
91544
91600
91610
91664
91694
91822
91867
92057
92073
92104
92173
92200
92279
92366
92448
92649
92678
92737
92752
92826
92853
92875
92956
93007
93040
93108
93208
93377
93379
93396
93453
93471
93599
93718
93737
93751
93838
93912
93917
93989
94005
94042
94043
94050
94118
94182
94254
94309
94323
94333
94591
94610
94632
94655
94664
94767
94778
94784
94811
94873
94903
94906
94914
94921
94924
94952
95000
95164
95185
95190
95193
95200
95245
95281
95308
95362
95430
95532
95563
95613
95639
95765
95767
95797
95889
95895
96057
96061
96067
96082
96109
96242
96263
96285
96294
96302
96332
96346
96352
96377
96487
96583
96595
96716
96723
96749
96762
96766
96808
96972
96985
97057
97070
97127
97136
97169
97177
97205
97218
97241
97245
97270
97325
97336
97356
97437
97482
97487
97556
97572
97581
97636
97690
97729
97802
97836
97902
97902
97976
97982
98011
98072
98095
98113
98182
98213
98259
98263
98270
98335
98348
98392
98423
98429
98489
98494
98515
98562
98584
98617
98620
98631
98795
98798
98818
98895
98951
99062
99076
99165
99270
99369
99379
99416
99423
99439
99439
99493
99525
99594
99607
99669
99680
99711
99712
99766
99866
99869
99916
99943